0.1349997  0.12057607 0.1349997  0.         0.05629759 0.1349997
 0.07403981 0.05363445 0.08027651 0.1349997  0.09537405 0.05107673
 0.12032429 0.1349997  0.1349997  0.1349997  0.08526237 0.1349997
 0.12016872 0.1349997  0.1349997  0.1349997  0.21135263 0.11696474
 0.1349997  0.1349997  0.1349997  0.1349997  0.1349997  0.1349997
 0.12003642 0.20670003 0.1349997  0.11671975 0.22930981 0.20695001
 0.1349997  0.1349997  0.09747573 0.11581659 0.1349997  0.1349997
 0.12025453 0.11628995 0.11664824 0.1349997  0.1349997  0.15850309
 0.22774291 0.1349997  0.1349997  0.12392006 0.1349997  0.19887824
 0.1349997  0.1349997  0.1349997  0.1349997  0.09443531 0.1349997
 0.2085233  0.1349997  0.1349997  0.1349997  0.1349997  0.20311329
 0.20527622 0.1349997  0.1349997  0.1349997  0.1349997  0.18993378
 0.1349997  0.1455596  0.1349997  0.1349997  0.1349997  0.1349997
 0.1349997  0.10765114 0.21252619 0.1349997  0.1349997  0.1349997
 0.120387   0.19455725 0.1349997  0.1349997  0.20924416 0.1655686
 0.1349997  0.1349997  0.1349997  0.13087815 0.23743041 0.1349997
 0.11995068 0.22716483 0.16805126 0.19716983