0.13480988 0.12143583 0.13480988 0.         0.05079019 0.13480988
 0.07068039 0.04798936 0.07577932 0.13480988 0.09524328 0.0452999
 0.12120031 0.13480988 0.13480988 0.13480988 0.08352496 0.13480988
 0.12105527 0.13480988 0.13480988 0.13480988 0.21252698 0.11825345
 0.13480988 0.13480988 0.13480988 0.13480988 0.13480988 0.13480988
 0.1209315  0.20775881 0.13480988 0.11802762 0.23171942 0.20798488
 0.13480988 0.13480988 0.09737752 0.11717874 0.13480988 0.13480988
 0.1211346  0.11762265 0.11795954 0.13480988 0.13480988 0.16016619
 0.23010744 0.13480988 0.13480988 0.12339436 0.13480988 0.19957656
 0.13480988 0.13480988 0.13480988 0.13480988 0.09429008 0.13480988
 0.20971371 0.13480988 0.13480988 0.13480988 0.13480988 0.2040918
 0.20636356 0.13480988 0.13480988 0.13480988 0.13480988 0.19061385
 0.13480988 0.15306053 0.13480988 0.13480988 0.13480988 0.13480988
 0.13480988 0.10838633 0.2137312  0.13480988 0.13480988 0.13480988
 0.12125892 0.19527085 0.13480988 0.13480988 0.21052451 0.16591369
 0.13480988 0.13480988 0.13480988 0.13246372 0.24001467 0.13480988
 0.12085249 0.2291319  0.1684924  0.19795264